#####################
# Arnoldi iteration #
#####################
Matrix A
 0.8402	 0.3944	 0.7831	 0.7984	 0.9116	
 0.3944	 0.3352	 0.7682	 0.2778	 0.5540	
 0.7831	 0.7682	 0.6289	 0.3648	 0.5134	
 0.7984	 0.2778	 0.3648	 0.9162	 0.6357	
 0.9116	 0.5540	 0.5134	 0.6357	 0.1416	

# Arnoldi iteration #
#####################
Matrix H =
 2.3689	 1.3135	-0.0000	 0.0000	 0.0000	
 1.3135	 0.4384	 0.3995	 0.0000	 0.0000	
 0.0000	 0.3995	-0.0891	 0.4006	-0.0000	
 0.0000	 0.0000	 0.4006	 0.3049	 0.1954	
 0.0000	 0.0000	 0.0000	 0.1954	-0.1610	

Matrix Q =
 0.1378	 0.9333	 0.1226	-0.0270	-0.3070	
 0.3329	 0.1986	-0.7777	-0.1857	 0.4588	
 0.6640	-0.2985	-0.0977	-0.2642	-0.6251	
 0.5002	-0.0098	 0.1062	 0.8438	 0.1628	
 0.4232	 0.0199	 0.5995	-0.4278	 0.5273	

# Lanczos algorithm #
#####################
Matrix T =
 2.3689	 1.3135	-0.0000	 0.0000	 0.0000	
 1.3135	 0.4384	 0.3995	 0.0000	 0.0000	
 0.0000	 0.3995	-0.0891	 0.4006	-0.0000	
 0.0000	 0.0000	 0.4006	 0.3049	 0.1954	
 0.0000	 0.0000	 0.0000	 0.1954	-0.1610	

Matrix V =
 0.1378	 0.9333	 0.1226	-0.0270	-0.3070	
 0.3329	 0.1986	-0.7777	-0.1857	 0.4588	
 0.6640	-0.2985	-0.0977	-0.2642	-0.6251	
 0.5002	-0.0098	 0.1062	 0.8438	 0.1628	
 0.4232	 0.0199	 0.5995	-0.4278	 0.5273	

Q H Q* = A
 0.8402	 0.3944	 0.7831	 0.7984	 0.9116	
 0.3944	 0.3352	 0.7682	 0.2778	 0.5540	
 0.7831	 0.7682	 0.6289	 0.3648	 0.5134	
 0.7984	 0.2778	 0.3648	 0.9162	 0.6357	
 0.9116	 0.5540	 0.5134	 0.6357	 0.1416	

