# matrix A
 0.8402	 0.3944	 0.7831	 0.7984	
 0.2778	 0.5540	 0.4774	 0.6289	
 0.6357	 0.7173	 0.1416	 0.6070	
 0.1567	 0.4009	 0.1298	 0.1088	

# matrix B
 0.9116	 0.1976	 0.3352	 0.7682	
 0.3648	 0.5134	 0.9522	 0.9162	
 0.0163	 0.2429	 0.1372	 0.8042	
 0.9989	 0.2183	 0.5129	 0.8391	

# A times B
 1.7202	 0.7329	 1.1742	 2.3065	
 1.0913	 0.5925	 1.0087	 1.6325	
 1.4498	 0.6607	 1.2269	 1.7687	
 0.3999	 0.2921	 0.5079	 0.6834	

# Identity 
 1.0000	 0.0000	 0.0000	 0.0000	
 0.0000	 1.0000	 0.0000	 0.0000	
 0.0000	 0.0000	 1.0000	 0.0000	
 0.0000	 0.0000	 0.0000	 1.0000	

# first column of A
0.84019
0.27777
0.63571
0.15668

# A times vector
4.09783
3.86127
3.68405
3.32169

# A^T times vector
100.00000
10.33297
7.65945
10.71544

