# matrix A
 0.0000	 0.1315	 0.7556	 0.4587	
 0.6793	 0.9347	 0.3835	 0.5194	
 0.6711	 0.0077	 0.3834	 0.0668	
 0.8462	 0.5269	 0.0920	 0.6539	

# matrix B
 0.5328	 0.2190	 0.0470	 0.6789	
 0.8310	 0.0346	 0.0535	 0.5297	
 0.4175	 0.6868	 0.5890	 0.9304	
 0.4160	 0.7012	 0.9103	 0.7622	

# A times B
 0.6156	 0.8451	 0.8696	 1.1223	
 1.5148	 0.8086	 0.7806	 1.7090	
 0.5518	 0.4574	 0.3187	 0.8674	
 1.1991	 0.7252	 0.7174	 1.4375	

# Indentity 
 1.0000	 0.0000	 0.0000	 0.0000	
 0.0000	 1.0000	 0.0000	 0.0000	
 0.0000	 0.0000	 1.0000	 0.0000	
 0.0000	 0.0000	 0.0000	 1.0000	

# first column of A
7.82637e-06
0.679296
0.671149
0.846167

# A times vector
2.02524
1.80941
1.6168
1.61961

# A^T times vector
100
8.00429
8.07244
8.49414

