Initial:
x = ( 2 1 )
f(x) = ( 19999 -0.496885 )
number of function calls = 25
x = ( 9.10615 1.09816e-05 )
f(x) = ( -1.11022e-16 -1.10182e-17 )
