Initial:
x = ( 2 1 )
f(x) = ( 19999 -0.496885 )
number of function calls = 65
x = ( 1.09816e-05 9.10615 )
f(x) = ( -9.97757e-13 6.20623e-15 )
